#
#  SECRETS
#

# Travis-ci api_key
travis_api_key: 00000000000000000000000000000000000000000

# Core secrets
latitude: -00.000000
longitude: 000.000000
elevation: 00

# MQTT (redundant historical)
mqttuser: 0000
mqttpass: 0000

# HTTP API for IOS APP
api_password: 0000000

# ZONES
haddon.home_lat: -00.000000
haddon.home_long: 000.000000

tanja.work_lat: -00.000000
tanja.work_long: 000.000000

bottle.shop_lat: -00.000000
bottleshop_long: 000.000000

iga.city_lat: -00.00000
iga.city_long: 000.000000

iga.nr_lat: -00.000000
iga.nr_long: 000.000000

ng_user: 00000
ng_pass: 0000000

a_login: 00000000-0000-0000-0000-000000000000
a_cred: 000000000000000000000000000000000000000000000000000000000000000000000000000000000

tide_api: 00000000-0000-0000-0000-000000000000
